109213
252128
231261
58160
152024
93113
224630
272367
70443
203662
272364
73968
195092
49191
26136
162090
77085
183368
108119
232983
6991
15494
138349
162582
138204
186488
13555
40656
179921
159300
49590
134523
199535
199833
203989
100224
179776
137258
269551
109578
135614
129762
251980
139446
15196
178
31684
227675
220254
160779
145929
25887
37154
96395
129999
127959
147023
68553
82008
23097
121247
132335
160698
36827
197425
34037
104837
71071
91776
50502
252125
83267
114136
71618
78101
85510
95136
9969
26069
212744
34888
75117
79273
11610
226271
225325
186954
166466
194690
31849
65453
97874
34341
147321
165152
81626
21146
56302
112015
256721
