2677474232
3093651282
3270104758
995975983
592242112
4265041678
964329882
1847698732
620340825
2959939847
1862628677
3993502656
552135938
3258534700
785305711
2593118829
813570167
1875678465
700655325
3453194230
702089904
4056294423
2867198057
1481506964
3682755596
3520556938
1069281813
467284817
2610482806
436521051
119316990
3839213840
545011972
1441047185
2183387011
2411100605
2264264061
1247686470
2376100132
3221687583
482102677
1017305831
1239353370
172407674
4141224094
3871947175
2140947598
2994669705
3090780377
2567131677
3377107250
67762270
3547351808
3631483390
4084510263
835737712
3438405545
3461041781
3587647161
449746247
2467875781
3862872538
211057851
1111703213
1989589467
697709964
2075253816
4061932178
3834117034
983117495
2210672330
1208875453
3351109512
1689134518
2422830507
3347802856
361307518
637709891
2606182865
3259815439
1116354634
3772899286
643123902
2662792108
3960653238
3366918922
2845916276
3181730903
3962833621
3409186669
543150987
4160269373
2188965043
3272340060
865774260
4083567748
311368819
1712299047
3798728494
1993868212
