1971817405
242089394
3464081375
3637502659
19639838
3604887170
2990774977
1309574617
1247696216
3408387499
292376631
1050602682
2747935995
261928368
3968560315
3737657410
43457949
2308794324
4268488360
3232496270
50232765
91092176
250187248
2271273400
231158424
3987786732
1506576480
2455700496
4009384805
1396897961
4032199166
2794258106
627685077
960190957
3648009460
3821224838
2115895293
770532518
3797249006
3200474134
3455826869
1094505211
391465972
3536231407
2446800240
265524911
3569978084
3063146316
4226246079
2107785104
3283812566
1304030055
1604160801
3931787833
2285782442
2600408190
2676565961
1378074377
3262106639
2290018636
3195884908
220394132
3995834346
3117022509
116045268
2928158148
694501311
313156728
4200294461
2591711751
706451316
3990281083
3114880082
229496258
3083638738
732796292
3838139830
1134426182
1802918863
1127375870
924696150
4016241
2764497648
1340921933
671674194
2528338934
3193320630
1324869590
1395883575
3011602479
840680941
1580529762
1769235010
590264302
1742925533
4168811018
2672894955
2947004968
467381962
2397420805
