592104311
422951193
1476363588
612401625
3146808952
433200359
2860183450
3847863807
3910359498
3006172724
3297189158
346947944
2265423990
235722362
992215709
3345540665
1256761878
804793184
2843530896
3033600159
1975021572
1481330929
2188519116
2728089078
2286641178
168090767
801933998
3666183441
4278139071
1554114841
3376378349
984272284
3113396634
2959714607
3842247430
3392524475
3709570767
3571317473
3345007554
2836540365
3972328525
2227954032
581787951
2374285609
2946633316
3409687744
3255835600
1100424540
3272020485
1043203274
319201237
4103922533
3278507828
237769552
30810585
3293717510
2443971309
3674267720
3021674846
4093887363
834019724
768838604
45187257
1057558215
177807244
89261205
3768183467
2067634299
1025500212
1013667124
3506288659
4209871361
2955212071
1237162106
3567986514
1003122730
3159724700
4081197050
2882591883
809261413
3386302948
3725705960
2652932332
1892995835
3362810997
2801860423
2429621259
1222244885
732147384
62218882
471422897
3935873950
2879493850
2351444880
2054508548
4122120653
1620130464
2850903749
2567834943
1580165706
