2877792457
3916019954
3003444371
2900541310
3314034203
3492331223
3174306968
4207401295
1786110427
2731916889
843830049
2651835228
3648332286
616446679
2324205169
2709988390
3501406505
1281705695
2392247888
553340870
1676387943
277727856
1283738126
4265371894
2279663935
3603126175
2002689295
1785252141
2304100529
2630183781
729299430
896367223
2039849826
722398943
2124297784
1464193310
2611251587
5606909
2488357168
3812156806
3457030161
2617069608
965197476
1120114302
3910437461
1379445822
4160757525
1151325224
1342262081
3547542607
1200996744
4222735122
2020566108
3609178616
637224338
1424464980
3695639150
332847276
882319537
3029094549
1999049336
682524751
1187991420
219901116
3866896562
1741861375
1230027203
3573470303
1500005891
1976720871
3827964876
1773869762
2104215602
3480992559
2060612549
1746391859
1025409385
2079283959
110222461
1492548203
1856585041
2518097260
2292981810
1176771957
3298610442
2190575496
1826021376
283777999
4212716258
2384244559
3466942547
1848930471
623444969
977275186
2061117571
4027885891
2518037977
2488197360
3089261586
3082404151
