11355432
2836018348
476557059
3648046016
3759983556
1441438134
3713466840
2431644334
3120216979
1067267639
2989017562
3379058227
3060050788
1108305632
1958019241
1084823001
542285520
43795860
3489566947
2713533522
3235419753
2427335427
2399237348
2452169066
1988327272
362877119
3245049828
2205989583
2425310077
1174021677
651120882
1459594714
3939642360
1510144494
2732086609
2788559976
2430388501
909365418
3371196825
1554472184
1345907684
3855476102
1994141240
2423365909
775500988
494448011
301003791
3780339031
851556043
2265074727
509585380
3200844821
1463192880
1418264952
3764477515
3198363775
2922909833
688239933
1810433900
730922798
3134293908
3461026341
770924642
2115965757
325541153
3768789312
887495461
131783780
3600300975
3965442169
2109917619
3127100137
2247032118
323621458
1896816786
918055324
1257602937
1180668788
840459500
3996814958
1091904309
1259192332
2458585290
2178158947
2096522111
2745351507
1964789175
1777381282
4238271904
628376341
264242782
4000578235
3049166601
2360283238
3135177175
106715141
650865611
1039658066
3485745644
3099959312
